20000
0 0 1 100000000.000000 0.000010 99.000000 1.000000 400.000000 400.000000 150.000000 100.000000 500.000000
0 
0 1 2 100000000.000000 0.000010 99.000000 1.000000 400.000000 400.000000 150.000000 100.000000 500.000000
1 1 
0 2 3 100000000.000000 0.000010 99.000000 1.000000 400.000000 400.000000 150.000000 100.000000 500.000000
2 1 2 
0 3 4 100000000.000000 0.000010 99.000000 1.000000 400.000000 400.000000 150.000000 100.000000 500.000000
3 1 2 3 
0 4 5 100000000.000000 0.000010 99.000000 1.000000 400.000000 400.000000 150.000000 100.000000 500.000000
4 1 2 3 4 
0 5 6 100000000.000000 0.000010 99.000000 1.000000 400.000000 400.000000 150.000000 100.000000 500.000000
5 1 2 3 4 5 
0 6 7 100000000.000000 0.000010 99.000000 1.000000 400.000000 400.000000 150.000000 100.000000 500.000000
6 1 2 3 4 5 6 
0 7 8 100000000.000000 0.000010 99.000000 1.000000 400.000000 400.000000 150.000000 100.000000 500.000000
7 1 2 3 4 5 6 7 
0 8 9 100000000.000000 0.000010 99.000000 1.000000 400.000000 400.000000 150.000000 100.000000 500.000000
8 1 2 3 4 5 6 7 8 
0 9 10 100000000.000000 0.000010 99.000000 1.000000 400.000000 400.000000 150.000000 100.000000 500.000000
9 1 2 3 4 5 6 7 8 9 
2 176 11 10000.000000 0.000100 10.000000 1.000000 50.000000 50.000000 150.000000 100.000000 1.000000
6 2 4 5 7 8 9 
4 255 11 100.000000 10.000000 1.000000 30.000000 
4 969 11 100.000000 10.000000 1.000000 30.000000 
4 970 11 100.000000 10.000000 1.000000 30.000000 
3 1514 11
2 2011 12 10000.000000 0.000100 10.000000 1.000000 50.000000 50.000000 150.000000 100.000000 1.000000
3 4 7 10 
4 2184 12 100.000000 10.000000 1.000000 30.000000 
4 2714 12 100.000000 10.000000 1.000000 30.000000 
4 2762 12 100.000000 10.000000 1.000000 30.000000 
4 2794 12 100.000000 10.000000 1.000000 30.000000 
4 2831 12 100.000000 10.000000 1.000000 30.000000 
4 3164 12 100.000000 10.000000 1.000000 30.000000 
4 3169 12 100.000000 10.000000 1.000000 30.000000 
4 3231 12 100.000000 10.000000 1.000000 30.000000 
4 3344 12 100.000000 10.000000 1.000000 30.000000 
4 3522 12 100.000000 10.000000 1.000000 30.000000 
4 3661 12 100.000000 10.000000 1.000000 30.000000 
4 4277 12 100.000000 10.000000 1.000000 30.000000 
4 4314 12 100.000000 10.000000 1.000000 30.000000 
4 4351 12 100.000000 10.000000 1.000000 30.000000 
4 4476 12 100.000000 10.000000 1.000000 30.000000 
4 4766 12 100.000000 10.000000 1.000000 30.000000 
4 5080 12 100.000000 10.000000 1.000000 30.000000 
4 5133 12 100.000000 10.000000 1.000000 30.000000 
4 5228 12 100.000000 10.000000 1.000000 30.000000 
4 5406 12 100.000000 10.000000 1.000000 30.000000 
4 5628 12 100.000000 10.000000 1.000000 30.000000 
4 5741 12 100.000000 10.000000 1.000000 30.000000 
4 5925 12 100.000000 10.000000 1.000000 30.000000 
4 5997 12 100.000000 10.000000 1.000000 30.000000 
4 6197 12 100.000000 10.000000 1.000000 30.000000 
4 6322 12 100.000000 10.000000 1.000000 30.000000 
4 6367 12 100.000000 10.000000 1.000000 30.000000 
4 6388 12 100.000000 10.000000 1.000000 30.000000 
4 6885 12 100.000000 10.000000 1.000000 30.000000 
4 7689 12 100.000000 10.000000 1.000000 30.000000 
2 8192 13 10000.000000 0.000100 10.000000 1.000000 50.000000 50.000000 150.000000 100.000000 1.000000
5 1 3 5 6 10 
4 8198 12 100.000000 10.000000 1.000000 30.000000 
4 8203 12 100.000000 10.000000 1.000000 30.000000 
4 8228 13 100.000000 10.000000 1.000000 30.000000 
4 8325 13 100.000000 10.000000 1.000000 30.000000 
4 8422 13 100.000000 10.000000 1.000000 30.000000 
4 8523 13 100.000000 10.000000 1.000000 30.000000 
4 8558 12 100.000000 10.000000 1.000000 30.000000 
4 8832 12 100.000000 10.000000 1.000000 30.000000 
4 8881 12 100.000000 10.000000 1.000000 30.000000 
4 8998 13 100.000000 10.000000 1.000000 30.000000 
4 9016 12 100.000000 10.000000 1.000000 30.000000 
4 9052 12 100.000000 10.000000 1.000000 30.000000 
4 9090 13 100.000000 10.000000 1.000000 30.000000 
4 9113 13 100.000000 10.000000 1.000000 30.000000 
4 9406 13 100.000000 10.000000 1.000000 30.000000 
4 9428 12 100.000000 10.000000 1.000000 30.000000 
4 9813 13 100.000000 10.000000 1.000000 30.000000 
4 9877 12 100.000000 10.000000 1.000000 30.000000 
4 10064 13 100.000000 10.000000 1.000000 30.000000 
4 10106 12 100.000000 10.000000 1.000000 30.000000 
4 10239 13 100.000000 10.000000 1.000000 30.000000 
4 10348 12 100.000000 10.000000 1.000000 30.000000 
4 10410 13 100.000000 10.000000 1.000000 30.000000 
4 10415 13 100.000000 10.000000 1.000000 30.000000 
4 10601 12 100.000000 10.000000 1.000000 30.000000 
4 10630 13 100.000000 10.000000 1.000000 30.000000 
4 10717 13 100.000000 10.000000 1.000000 30.000000 
4 10744 13 100.000000 10.000000 1.000000 30.000000 
4 10812 12 100.000000 10.000000 1.000000 30.000000 
4 10822 12 100.000000 10.000000 1.000000 30.000000 
4 10901 13 100.000000 10.000000 1.000000 30.000000 
4 11001 13 100.000000 10.000000 1.000000 30.000000 
3 11246 13
3 11443 12
2 14096 14 10000.000000 0.000100 10.000000 1.000000 50.000000 50.000000 150.000000 100.000000 1.000000
6 1 2 3 5 8 9 
4 14142 14 100.000000 10.000000 1.000000 30.000000 
4 14278 14 100.000000 10.000000 1.000000 30.000000 
4 14361 14 100.000000 10.000000 1.000000 30.000000 
4 14537 14 100.000000 10.000000 1.000000 30.000000 
4 15192 14 100.000000 10.000000 1.000000 30.000000 
4 15232 14 100.000000 10.000000 1.000000 30.000000 
4 15358 14 100.000000 10.000000 1.000000 30.000000 
2 15455 15 10000.000000 0.000100 10.000000 1.000000 50.000000 50.000000 150.000000 100.000000 1.000000
10 1 2 3 4 5 6 7 8 9 10 
4 15456 15 100.000000 10.000000 1.000000 30.000000 
4 15596 14 100.000000 10.000000 1.000000 30.000000 
4 15768 15 100.000000 10.000000 1.000000 30.000000 
4 15772 14 100.000000 10.000000 1.000000 30.000000 
4 15775 15 100.000000 10.000000 1.000000 30.000000 
4 15962 15 100.000000 10.000000 1.000000 30.000000 
4 16006 15 100.000000 10.000000 1.000000 30.000000 
4 16018 15 100.000000 10.000000 1.000000 30.000000 
4 16045 14 100.000000 10.000000 1.000000 30.000000 
4 16088 15 100.000000 10.000000 1.000000 30.000000 
2 16094 16 10000.000000 0.000100 10.000000 1.000000 50.000000 50.000000 150.000000 100.000000 1.000000
4 1 2 3 6 
4 16148 15 100.000000 10.000000 1.000000 30.000000 
4 16158 16 100.000000 10.000000 1.000000 30.000000 
4 16171 15 100.000000 10.000000 1.000000 30.000000 
4 16273 15 100.000000 10.000000 1.000000 30.000000 
4 16307 14 100.000000 10.000000 1.000000 30.000000 
4 16375 14 100.000000 10.000000 1.000000 30.000000 
4 16406 14 100.000000 10.000000 1.000000 30.000000 
4 16512 14 100.000000 10.000000 1.000000 30.000000 
4 16512 15 100.000000 10.000000 1.000000 30.000000 
4 16664 14 100.000000 10.000000 1.000000 30.000000 
4 16730 16 100.000000 10.000000 1.000000 30.000000 
4 16819 16 100.000000 10.000000 1.000000 30.000000 
4 16840 16 100.000000 10.000000 1.000000 30.000000 
4 16867 16 100.000000 10.000000 1.000000 30.000000 
4 16904 15 100.000000 10.000000 1.000000 30.000000 
4 16917 14 100.000000 10.000000 1.000000 30.000000 
4 16966 15 100.000000 10.000000 1.000000 30.000000 
4 17006 14 100.000000 10.000000 1.000000 30.000000 
4 17023 15 100.000000 10.000000 1.000000 30.000000 
4 17032 16 100.000000 10.000000 1.000000 30.000000 
4 17070 14 100.000000 10.000000 1.000000 30.000000 
4 17087 16 100.000000 10.000000 1.000000 30.000000 
4 17104 14 100.000000 10.000000 1.000000 30.000000 
4 17137 16 100.000000 10.000000 1.000000 30.000000 
3 17150 15
4 17243 14 100.000000 10.000000 1.000000 30.000000 
4 17293 14 100.000000 10.000000 1.000000 30.000000 
4 17431 16 100.000000 10.000000 1.000000 30.000000 
4 17455 14 100.000000 10.000000 1.000000 30.000000 
4 17511 16 100.000000 10.000000 1.000000 30.000000 
2 17583 17 10000.000000 0.000100 10.000000 1.000000 50.000000 50.000000 150.000000 100.000000 1.000000
2 4 9 
4 17620 16 100.000000 10.000000 1.000000 30.000000 
4 17634 17 100.000000 10.000000 1.000000 30.000000 
4 17734 16 100.000000 10.000000 1.000000 30.000000 
4 17774 16 100.000000 10.000000 1.000000 30.000000 
4 17907 14 100.000000 10.000000 1.000000 30.000000 
4 17946 17 100.000000 10.000000 1.000000 30.000000 
4 17960 14 100.000000 10.000000 1.000000 30.000000 
4 17990 14 100.000000 10.000000 1.000000 30.000000 
4 17990 17 100.000000 10.000000 1.000000 30.000000 
4 18015 14 100.000000 10.000000 1.000000 30.000000 
4 18032 14 100.000000 10.000000 1.000000 30.000000 
4 18049 17 100.000000 10.000000 1.000000 30.000000 
4 18055 17 100.000000 10.000000 1.000000 30.000000 
4 18092 17 100.000000 10.000000 1.000000 30.000000 
4 18298 17 100.000000 10.000000 1.000000 30.000000 
4 18378 16 100.000000 10.000000 1.000000 30.000000 
4 18418 17 100.000000 10.000000 1.000000 30.000000 
4 18479 14 100.000000 10.000000 1.000000 30.000000 
4 18480 14 100.000000 10.000000 1.000000 30.000000 
2 18558 18 10000.000000 0.000100 10.000000 1.000000 50.000000 50.000000 150.000000 100.000000 1.000000
1 3 
4 18572 17 100.000000 10.000000 1.000000 30.000000 
4 18601 18 100.000000 10.000000 1.000000 30.000000 
4 18603 17 100.000000 10.000000 1.000000 30.000000 
4 18607 17 100.000000 10.000000 1.000000 30.000000 
4 18825 14 100.000000 10.000000 1.000000 30.000000 
4 18835 18 100.000000 10.000000 1.000000 30.000000 
4 18859 17 100.000000 10.000000 1.000000 30.000000 
4 18875 17 100.000000 10.000000 1.000000 30.000000 
4 18928 18 100.000000 10.000000 1.000000 30.000000 
4 18960 16 100.000000 10.000000 1.000000 30.000000 
3 18997 18
4 19010 14 100.000000 10.000000 1.000000 30.000000 
4 19074 17 100.000000 10.000000 1.000000 30.000000 
4 19131 17 100.000000 10.000000 1.000000 30.000000 
4 19132 16 100.000000 10.000000 1.000000 30.000000 
4 19251 17 100.000000 10.000000 1.000000 30.000000 
4 19316 17 100.000000 10.000000 1.000000 30.000000 
4 19319 14 100.000000 10.000000 1.000000 30.000000 
4 19323 16 100.000000 10.000000 1.000000 30.000000 
4 19388 16 100.000000 10.000000 1.000000 30.000000 
4 19466 16 100.000000 10.000000 1.000000 30.000000 
4 19513 14 100.000000 10.000000 1.000000 30.000000 
4 19526 14 100.000000 10.000000 1.000000 30.000000 
4 19551 14 100.000000 10.000000 1.000000 30.000000 
4 19670 17 100.000000 10.000000 1.000000 30.000000 
4 19692 17 100.000000 10.000000 1.000000 30.000000 
4 19757 14 100.000000 10.000000 1.000000 30.000000 
4 19773 14 100.000000 10.000000 1.000000 30.000000 
4 19911 16 100.000000 10.000000 1.000000 30.000000 
4 19958 17 100.000000 10.000000 1.000000 30.000000 
